0 1 240
1 0 240
1 3 240
3 1 240
3 4 240
4 3 240
0 4 240
4 0 240
1 2 272
2 1 272
3 2 265
2 3 265
2 5 258
5 2 258
2 8 250
8 2 250
5 6 240
6 5 240
6 7 240
7 6 240
7 8 240
8 7 240
2 11 704 
11 2 704
9 10 240
10 9 240
10 11 272
11 10 272
11 12 265
12 11 265
10 12 240
12 10 240
12 13 240
13 12 240
9 13 240
13 9 240
11 14 258
14 11 258
11 17 250
17 11 250
14 17 240
17 14 240
14 15 240
15 14 240
15 16 240
16 15 240
16 17 240
17 16 240

