0 1 16 
1 0 16
1 2 48
2 1 48
2 3 48
3 2 48
3 4 48
4 3 48
4 5 128
5 4 128
5 6 112
6 5 112
6 7 48
7 6 48
7 8 48
8 7 48
8 9 70
9 8 70
9 10 76 
10 9 76
10 11 48
11 10 48
11 12 52
12 11 52
12 13 120
13 12 120
13 14 120
14 13 120
14 15 50
15 14 50
15 16 40
16 15 40
16 17 74
17 16 74
17 18 70
18 17 70
18 19 48
19 18 48
19 20 48
20 19 48
20 21 112
21 20 112
21 22 128 
22 21 128
22 23 48
23 22 48
23 24 48
24 23 48
24 25 64
25 24 64
25 26 74
26 25 74
26 27 42
27 26 42
27 28 50
28 27 50
28 29 120
29 28 120
29 30 120
30 29 120
30 31 52
31 30 52
31 32 48
32 31 48
32 0 76
0 32 76
5 34 124
34 5 124
34 35 172
35 34 172
35 37 220
37 35 220
37 21 116
21 37 116


